0.00180309461673665 0.000679363932173359
0.0140377599665375 0.00440417274038406
0.00891740725028064 0.0560640898258143
-0.00228215784448216 0.00054019977511905
-0.000253394576088348 -0.00816437595235765
9.33983343924714e-05 0.00233463762602802
-0.000492790260717548 0.00294529206612062
-0.00114470924371812 -0.00721913687034491
0.00218233116050274 -0.0842315285978239
-0.000236007923449792 -0.000526636476222946
0.00170189009605545 0.00165018001645442
-6.56989657882305e-05 -0.00126214268862658
0.000675392946311885 0.00192017388568647
0.00542571048690451 -0.000652943299028908
1.5699051571859e-05 -3.15712868201841e-05
-0.00641126008755785 0.00169729675078779
-0.00756174709765918 0.00109718964793343
0.00207378930476295 -0.00225436310818251
1.55988287588343e-05 -0.00386446371204699
-0.000892338374129695 -0.0105262419361859
0.000599305506407377 0.00529241640375746
-6.15083861853512e-05 0.000213768968747696
-0.00142100220568365 -0.020630101993252
-0.0074784252402701 -0.000499850393880746
-0.00141671551570049 0.0113134106074345
-0.000896946449061243 -0.1008544136161
-0.00102559369787439 0.00991927866763169
-0.00939359886018078 -0.0964146903906798
1.24025212674364e-05 -0.000670820113697132
-0.00452599221021779 -0.000566966270956469
0.000377020463437167 -0.0126277456734803
0.00719070520526776 -0.00157090382222177
-0.00595664751483614 0.000548775682373819
-0.000933092580707975 -0.00601146151899533
0.000650922742099644 0.0140559528561317
-0.00180304636413925 0.0149379510858516
-0.00262136860426004 0.0145418877665965
0.00477120820913445 0.00400601776367141
-0.000765278506214684 0.0548595510605763
0.00326311924992084 -0.00756572438360172
-0.00196769011711225 -0.178704466531809
0.000164465896192618 0.00631181256683512
0.00733569451299654 0.000571076345240885
-0.00385730258258694 -0.00490616996184967
5.76596860372329e-06 0.000427240310460931
-0.00653609430499037 -0.0041248599221509
0.00950262200152339 0.040663201906555
-0.000711611710042813 0.00864271118023407
0.000532665757438247 0.00489994455021452
-0.000693987903427478 0.0199938308519008
-0.00346706752689219 0.0695861035363892
0.0024777972889655 0.000492388083126563
0.00276395907826031 -0.000946340020031019
-0.000862634905087343 -0.000331984656919319
0.00494877531337649 -0.0335509807266778
7.81269270634026e-06 0.00105334692412173
0.00460272998414916 0.00173420126530787
-0.00552896675792501 -0.00173464459983716
0.00366529179425349 0.0230438339328998
-0.0060927321550258 0.00144218442581459
0.00036178047837954 0.0116565745425302
0.000107731043115657 0.0026929009814227
0.000150051210782603 -0.000896822485269643
0.00519885519609762 0.0327867009132582
0.00249608677661492 -0.0963415747263788
2.42863987983264e-05 5.41952665328889e-05
0.000900353985055641 0.000872998366648714
-6.57837841605202e-05 -0.00126376693065105
0.000608470237954065 0.00172991077863969
0.00658974067847498 -0.000793024811146898
-0.000349815383092366 0.000703505697244951
-0.00723018445511851 0.00191409628322026
0.00697789791806583 -0.00101247469565934
-0.00658411015408913 0.00715741724934941
1.81250906319535e-05 -0.00449016507475848
0.00206530525147176 0.0243628418434585
-0.000214789164589654 -0.00189678624681174
0.0013472681257639 -0.00468234464348643
0.00162898454636942 0.0236496045721435
0.0202182150887712 0.00135136532639777
-0.000353228141092985 0.00282076168036023
0.000719399723433903 0.080890667308643
-0.0011795309995451 0.0114081239927
0.0034879941541918 0.0358003216474876
5.30423198676435e-05 -0.00286901023138222
0.0122361970744047 0.00153281485822167
-0.000148135672779854 0.00496159809924351
-0.0112273582636425 0.0024527630722785
0.00219841268429839 -0.000202535764478161
-0.000920926206481012 -0.00593308053444899
0.000584200517196581 0.012615160718212
-0.00178893347071396 0.0148210288023169
0.0028597176876667 -0.0158641168630526
0.00680157848788934 0.00571076378940926
-0.000852984181431033 0.0611468059390054
0.00324745963580073 -0.00752941664338417
0.00116661946665706 0.10595169306237
-9.10475799637462e-05 -0.00349419279270289
0.00654177975665375 0.000509271072594269
0.00278632314163208 0.00354397270727984
1.71398507666596e-05 0.00127001909678251
0.00398273790979996 0.00251346362633363
0.0100028332826142 0.0428036839008811
-0.000758659531270217 0.00921411561420906
0.000694693525470297 0.00639042437599588
0.000653327096240521 -0.0188223984830871
-0.0053985978665844 0.108353069949086
-0.00746203921892573 -0.00148285705987622
0.00290940556394138 -0.000996138193076659
0.0149183176624422 0.00574131018104764
0.00495478131024832 -0.0335916952579616
-1.26375448149135e-05 -0.00170385686805037
